{
 "cells": [
  {
   "cell_type": "code",
   "execution_count": 39,
   "metadata": {},
   "outputs": [],
   "source": [
    "#Solves the SSD set of equations\n",
    "\n",
    "#eqn : du/dt = R - r_m*U\n",
    "#eqn : R = 0.25 * k * (k_plus_square - k_e_square) * C_13 \n",
    "#eqn : dC/dt = A(U)*C + C*Transpose(A(U)) + eps*Q\n",
    "#eqn : A(U) = W + UL\n",
    "\n",
    "import numpy as np\n",
    "import matplotlib.pyplot as plt\n",
    "import pandas as pd\n",
    "from sqlalchemy import create_engine\n",
    "from mpl_toolkits.mplot3d import axes3d\n",
    "import matplotlib.pyplot as plt\n",
    "import numpy as np\n",
    "from matplotlib import pyplot\n",
    "import random\n",
    "import json\n",
    "from sklearn.preprocessing import StandardScaler\n",
    "from sklearn.decomposition import PCA\n",
    "from sklearn.cluster import KMeans\n",
    "from sklearn.metrics import silhouette_score\n",
    "import seaborn as sns\n",
    "from pandas.plotting import parallel_coordinates\n"
   ]
  },
  {
   "cell_type": "code",
   "execution_count": 53,
   "metadata": {},
   "outputs": [],
   "source": [
    "\n",
    "\n",
    "class Simulation:\n",
    "    def __init__(self, epsilon, N_0_squared, r_m, k, m, m_u, dt, total_time, U, C, current_time):\n",
    "\n",
    "        #Make sure this is updated\n",
    "\n",
    "        self.epsilon = epsilon\n",
    "        self.N_0_squared = N_0_squared\n",
    "        self.r_m = r_m\n",
    "        self.k = k\n",
    "        self.m = m\n",
    "        self.m_u = m_u\n",
    "        # self.C = np.array([[0, 0, 0, 0], [0, 0, 0, 0], [0, 0, 0, 0], [0, 0, 0, 0]])\n",
    "        self.C = C\n",
    "        self.U = U\n",
    "        self.dt = dt\n",
    "        self.total_time = total_time\n",
    "        self.k_e_square = k**2 + m**2\n",
    "        self.k_plus_square = k**2 + (m + m_u)**2\n",
    "        self.num_steps = int(total_time / dt)\n",
    "        \n",
    "        self.zero_arrays = np.zeros((2, 2))\n",
    "\n",
    "        self.current_time = current_time\n",
    "\n",
    "        self.A_U = np.array([[-1, (k / self.k_e_square), self.U*(-k / (2 * self.k_e_square)) * (self.k_plus_square - m_u**2), self.U*0],\n",
    "                             \n",
    "                             [-k * N_0_squared, -1, self.U*0, self.U*self.k/2],\n",
    "\n",
    "                             [self.U*(-k / (2 * self.k_plus_square)) * (m_u**2 - self.k_e_square), self.U*0, -1, -self.k/self.k_plus_square],\n",
    "\n",
    "                             [self.U*0, self.U* -k / 2,k * N_0_squared, -1]])  \n",
    "    \n",
    "        self.Q = np.array([[8/self.k_e_square, 0, 0, 0], [0, 0, 0, 0], [0, 0, 0, 0], [0, 0, 0, 0]])\n",
    "        self.R = 0\n",
    "        \n",
    "\n",
    "        self.C_History = np.zeros((self.num_steps, 4, 4)) \n",
    "        self.delta_C_History = np.zeros((self.num_steps, 4, 4)) \n",
    "\n",
    "        # self.C_History = np.zeros(self.num_steps)\n",
    "\n",
    "        self.U_History = np.zeros(self.num_steps)\n",
    "        self.delta_U_History = np.zeros(self.num_steps)\n",
    "\n",
    "        self.W_e = np.array([[-1, (k / self.k_e_square)], [-k * N_0_squared, -1]])\n",
    "        self.W_plus = np.array([[-1, -k / self.k_plus_square], [k * N_0_squared, -1]])\n",
    "        self.L_e_plus = np.array([[(-k / (2 * self.k_e_square)) * (self.k_plus_square - m_u**2), 0],\n",
    "                                  [0, k / 2]])\n",
    "        self.L_plus_e = np.array([[(-k / (2 * self.k_plus_square)) * (m_u**2 - self.k_e_square), 0],\n",
    "                                  [0, -k / 2]]) \n",
    "\n",
    "        self.R_History = np.zeros(self.num_steps)\n",
    "\n",
    "        self.C = self.C.astype(np.float64)\n",
    "        self.delta_C_History = self.delta_C_History.astype(np.float64)\n",
    "\n",
    "        self.U_star = np.array(0.3973011053455921)\n",
    "        self.C_star = np.array([[ 8.05473382e-05, -8.55442403e-03,  1.17340387e-06, -1.24657177e-02],\n",
    "                                [-8.55442403e-03,  5.45454501e+01,  7.80414655e-03, -6.44767926e+00],\n",
    "                                [ 1.17340387e-06,  7.80414655e-03,  1.60960793e-05, -2.32919463e-03],\n",
    "                                [-1.24657177e-02, -6.44767926e+00, -2.32919463e-03,  2.02873504e+01]])\n",
    "        \n",
    "        self.delta_U = U - self.U_star\n",
    "        self.delta_C = C - self.C_star\n",
    "\n",
    "        self.delta_C_dot = self.delta_U * np.block([[self.zero_arrays, self.L_e_plus], [self.L_plus_e, self.zero_arrays]]) @ self.C_star + np.block([[self.W_e, self.zero_arrays], [self.zero_arrays, self.W_plus]]) @ self.delta_C + \\\n",
    "                            self.U_star * np.block([[self.zero_arrays, self.L_e_plus], [self.L_plus_e, self.zero_arrays]]) @ self.delta_C + self.delta_U * self.C_star @ np.transpose(np.block([[self.zero_arrays, self.L_e_plus], [self.L_plus_e, self.zero_arrays]])) + \\\n",
    "                            self.delta_C @ np.transpose(np.block([[self.W_e, self.zero_arrays], [self.zero_arrays, self.W_plus]])) + self.U_star * self.delta_C @ np.transpose(np.block([[self.zero_arrays, self.L_e_plus], [self.L_plus_e, self.zero_arrays]]))\n",
    "\n",
    "        self.delta_C_dot_History = np.zeros((self.num_steps, 4, 4)) \n",
    "        self.delta_C_dot_History = self.delta_C_dot_History.astype(np.float64)\n",
    "\n",
    "        self.delta_U_dot = (1/4)*self.k * (self.k_plus_square - self.k_e_square) * self.delta_C[0][2] - self.r_m * self.delta_U\n",
    "        self.delta_U_History = np.zeros(self.num_steps)\n",
    "\n",
    "        self.C_tot = np.zeros((self.num_steps, 4, 4)) \n",
    "        self.C_tot = self.C_tot.astype(np.float64)\n",
    "\n",
    "        self.U_tot = np.zeros(self.num_steps)\n",
    "        \n",
    "\n",
    "    def simulate(self):\n",
    "        for i in range(self.num_steps):\n",
    "            \n",
    "            # self.C_tot[i] = self.C_star + self.delta_C_dot \n",
    "            # self.U_tot[i] = self.U_star + self.delta_U_dot\n",
    "\n",
    "            self.A_U = np.array([[-1, (k / self.k_e_square), self.U*(-k / (2 * self.k_e_square)) * (self.k_plus_square - m_u**2), self.U*0],\n",
    "                             \n",
    "                             [-k * N_0_squared, -1, self.U*0, self.U*self.k/2],\n",
    "\n",
    "                             [self.U*(-k / (2 * self.k_plus_square)) * (m_u**2 - self.k_e_square), self.U*0, -1, -self.k/self.k_plus_square],\n",
    "\n",
    "                             [self.U*0, self.U* -k / 2,k * N_0_squared, -1]]) \n",
    "                             \n",
    " \n",
    "\n",
    "\n",
    "            self.delta_C_dot = self.delta_U * np.block([[self.zero_arrays, self.L_e_plus], [self.L_plus_e, self.zero_arrays]]) @ self.C_star + np.block([[self.W_e, self.zero_arrays], [self.zero_arrays, self.W_plus]]) @ self.delta_C + \\\n",
    "                            self.U_star * np.block([[self.zero_arrays, self.L_e_plus], [self.L_plus_e, self.zero_arrays]]) @ self.delta_C + self.delta_U * self.C_star @ np.transpose(np.block([[self.zero_arrays, self.L_e_plus], [self.L_plus_e, self.zero_arrays]])) + \\\n",
    "                            self.delta_C @ np.transpose(np.block([[self.W_e, self.zero_arrays], [self.zero_arrays, self.W_plus]])) + self.U_star * self.delta_C @ np.transpose(np.block([[self.zero_arrays, self.L_e_plus], [self.L_plus_e, self.zero_arrays]]))\n",
    "            # self.delta_C += self.delta_C_dot * self.dt\n",
    "\n",
    "            self.delta_U_dot = .25 * self.k * (self.k_plus_square - self.k_e_square) * self.delta_C[0][2] - self.r_m * self.delta_U \n",
    "            # self.delta_U += self.delta_U_dot * self.dt\n",
    "            if i == 0:\n",
    "                print(self.delta_U_dot)\n",
    "\n",
    "            C_dot = (self.A_U @ self.C + self.C @ np.transpose(self.A_U) + self.epsilon * self.Q) \n",
    "            U_dot = (self.R - self.r_m * self.U)\n",
    "\n",
    "            \n",
    "\n",
    "            self.C += C_dot * self.dt\n",
    "            self.U += U_dot * self.dt\n",
    "            self.R = 0.25 * self.k * (self.k_plus_square - self.k_e_square) * self.C[0][2]\n",
    "            self.delta_U += self.delta_U_dot * self.dt \n",
    "            self.delta_C += self.delta_C_dot * self.dt \n",
    "\n",
    "            self.C_tot[i] = self.C_star + self.delta_C \n",
    "            self.U_tot[i] = self.U_star + self.delta_U\n",
    "            self.C_History[i] = self.C\n",
    "            self.U_History[i] = self.U\n",
    "            self.R_History[i] = self.R\n",
    "\n",
    "            self.delta_U_History[i] = self.delta_U\n",
    "            self.delta_C_History[i] = self.delta_C\n",
    "\n",
    "            # self.C_tot[i] = self.C_star + self.delta_C_dot \n",
    "            # self.U_tot[i] = self.U_star + self.delta_U_dot\n",
    "\n",
    "            \n",
    "            \n",
    "\n"
   ]
  },
  {
   "cell_type": "code",
   "execution_count": 54,
   "metadata": {},
   "outputs": [],
   "source": [
    "def make_plots(sims):\n",
    "\n",
    "    time_array = np.arange(0, sims[0].total_time, .001)\n",
    "    fig, axs = plt.subplots(10, 2, figsize = (20, 65))\n",
    "\n",
    "    for i in range(10):\n",
    "        axs[i, 0].plot(time_array, sims[i].U_History)\n",
    "        axs[i, 0].set_title(f\"U History at {sims[i].current_time}\")\n",
    "        axs[i, 0].grid()\n",
    "        axs[i, 1].plot(time_array, sims[i].R_History)\n",
    "        axs[i, 1].set_title(f\"R Values at {sims[i].current_time}\")\n",
    "        axs[i, 1].grid()\n",
    "\n",
    "    plt.subplots_adjust(wspace=.4)\n",
    "    plt.subplots_adjust(hspace=.4)\n",
    "\n",
    "    plt.show()\n"
   ]
  },
  {
   "cell_type": "code",
   "execution_count": 55,
   "metadata": {},
   "outputs": [
    {
     "name": "stdout",
     "output_type": "stream",
     "text": [
      "0.10426799659655922\n"
     ]
    }
   ],
   "source": [
    "epsilon = 0.12394270273516043\n",
    "N_0_squared = 318.8640217310387\n",
    "r_m = 0.1\n",
    "k = 2 * np.pi * 6\n",
    "m = 2 * np.pi * 3\n",
    "m_u = 2 * np.pi * 7\n",
    "dt = 0.001\n",
    "total_time = 200\n",
    "\n",
    "k_e_square = k**2 + m**2\n",
    "\n",
    "C_11 = (2*epsilon/k_e_square)*(2-(np.square(k) * N_0_squared/(k_e_square + np.square(k)*N_0_squared)))\n",
    "C_12 = -(2*epsilon*k*N_0_squared)/(k_e_square + np.square(k)*N_0_squared)\n",
    "C_22 = (2*epsilon*np.square(k)*np.square(N_0_squared))/(k_e_square + np.square(k)*N_0_squared)\n",
    "\n",
    "\n",
    "U_entries = np.array([0.55053473999083])\n",
    "C_entries = np.array([[[0.0001490152423865438,\n",
    "-0.056342960706027546,\n",
    "4.705459608940639e-06,\n",
    "-0.023997387342599555],\n",
    "[-0.056342960706027546,\n",
    "153.61445123375822,\n",
    "-0.043334023121050586,\n",
    "-12.060326483759946],\n",
    "[4.705459608940639e-06,\n",
    "-0.043334023121050586,\n",
    "4.7701541745783226e-05,\n",
    "-0.01911624053635777],\n",
    "[-0.023997387342599555,\n",
    "-12.060326483759946,\n",
    "-0.01911624053635777,\n",
    "56.7986445738767]]])\n",
    "\n",
    "current_time_entries = np.array([473])\n",
    "sims = []\n",
    "\n",
    "for i in range(len(current_time_entries)):\n",
    "  sim = Simulation(epsilon, N_0_squared, r_m, k, m, m_u, dt, total_time, U_entries[i], C_entries[i], current_time_entries[i])\n",
    "  sim.simulate()\n",
    "  sims.append(sim)\n",
    "# make_plots(sims)\n",
    "\n"
   ]
  },
  {
   "cell_type": "code",
   "execution_count": 56,
   "metadata": {},
   "outputs": [
    {
     "data": {
      "text/plain": [
       "array([[[ 1.46695267e-04, -5.41413958e-02,  2.94246021e-06,\n",
       "         -2.31805408e-02],\n",
       "        [-5.41413958e-02,  1.54411499e+02, -4.34004157e-02,\n",
       "         -1.32733395e+01],\n",
       "        [ 2.94246021e-06, -4.34004157e-02,  4.78717173e-05,\n",
       "         -1.84463910e-02],\n",
       "        [-2.31805408e-02, -1.32733395e+01, -1.84463910e-02,\n",
       "          5.64757669e+01]],\n",
       "\n",
       "       [[ 1.33014980e-04, -3.02806163e-02, -1.47762761e-05,\n",
       "         -1.97863142e-02],\n",
       "        [-3.02806163e-02,  1.57826785e+02, -4.20643451e-02,\n",
       "         -2.60209473e+01],\n",
       "        [-1.47762761e-05, -4.20643451e-02,  4.90954143e-05,\n",
       "         -1.16898398e-02],\n",
       "        [-1.97863142e-02, -2.60209473e+01, -1.16898398e-02,\n",
       "          5.55897174e+01]],\n",
       "\n",
       "       [[ 1.36561496e-04, -6.97355441e-03, -3.15417472e-05,\n",
       "         -2.49968310e-02],\n",
       "        [-6.97355441e-03,  1.52916815e+02, -3.71901707e-02,\n",
       "         -3.78652495e+01],\n",
       "        [-3.15417472e-05, -3.71901707e-02,  4.94775370e-05,\n",
       "         -5.37691256e-03],\n",
       "        [-2.49968310e-02, -3.78652495e+01, -5.37691256e-03,\n",
       "          5.88219186e+01]],\n",
       "\n",
       "       ...,\n",
       "\n",
       "       [[ 8.05473382e-05, -8.55442403e-03,  1.17340387e-06,\n",
       "         -1.24657177e-02],\n",
       "        [-8.55442403e-03,  5.45454501e+01,  7.80414655e-03,\n",
       "         -6.44767926e+00],\n",
       "        [ 1.17340387e-06,  7.80414655e-03,  1.60960793e-05,\n",
       "         -2.32919463e-03],\n",
       "        [-1.24657177e-02, -6.44767926e+00, -2.32919463e-03,\n",
       "          2.02873504e+01]],\n",
       "\n",
       "       [[ 8.05473382e-05, -8.55442403e-03,  1.17340387e-06,\n",
       "         -1.24657177e-02],\n",
       "        [-8.55442403e-03,  5.45454501e+01,  7.80414655e-03,\n",
       "         -6.44767926e+00],\n",
       "        [ 1.17340387e-06,  7.80414655e-03,  1.60960793e-05,\n",
       "         -2.32919463e-03],\n",
       "        [-1.24657177e-02, -6.44767926e+00, -2.32919463e-03,\n",
       "          2.02873504e+01]],\n",
       "\n",
       "       [[ 8.05473382e-05, -8.55442403e-03,  1.17340387e-06,\n",
       "         -1.24657177e-02],\n",
       "        [-8.55442403e-03,  5.45454501e+01,  7.80414655e-03,\n",
       "         -6.44767926e+00],\n",
       "        [ 1.17340387e-06,  7.80414655e-03,  1.60960793e-05,\n",
       "         -2.32919463e-03],\n",
       "        [-1.24657177e-02, -6.44767926e+00, -2.32919463e-03,\n",
       "          2.02873504e+01]]])"
      ]
     },
     "execution_count": 56,
     "metadata": {},
     "output_type": "execute_result"
    }
   ],
   "source": [
    "# print(len(sims[0].C_History))\n",
    "\n",
    "sims[0].U_History = sims[0].U_History[0::10]\n",
    "sims[0].R_History = sims[0].R_History[0::10]    \n",
    "sims[0].C_History = sims[0].C_History[0::10]\n",
    "sims[0].C_tot = sims[0].C_tot[0::10]\n",
    "sims[0].U_tot = sims[0].U_tot[0::10]\n",
    "len(sims[0].C_History)\n",
    "sims[0].C_History\n"
   ]
  },
  {
   "cell_type": "code",
   "execution_count": 57,
   "metadata": {},
   "outputs": [],
   "source": [
    "db_username_0 = 'simulationuser'\n",
    "db_password_0 = 'simulations2024'\n",
    "db_host_0 = 'localhost'\n",
    "db_port_0 = '5432'\n",
    "db_name_0 = 'simulations_data'\n",
    "table_name_0 = 'composite_data'\n",
    "\n",
    "connection_string = f\"postgresql://{db_username_0}:{db_password_0}@{db_host_0}:{db_port_0}/{db_name_0}\"\n",
    "engine = create_engine(connection_string)\n",
    "query = f\"SELECT * FROM {table_name_0}\"\n",
    "df = pd.read_sql(query, engine)\n"
   ]
  },
  {
   "cell_type": "code",
   "execution_count": 58,
   "metadata": {},
   "outputs": [],
   "source": [
    "\n",
    "def average_arrays(*arrays):\n",
    "    if not arrays:\n",
    "        raise ValueError(\"No arrays provided for averaging.\")\n",
    "    \n",
    "    np_arrays = [np.array(arr) for arr in arrays]\n",
    "    array_lengths = [len(arr) for arr in np_arrays]\n",
    "\n",
    "    if len(set(array_lengths)) != 1:\n",
    "        raise ValueError(\"All input arrays must have the same length.\")\n",
    "    \n",
    "    average_array = np.mean(np_arrays, axis=0)\n",
    "    \n",
    "    return average_array\n",
    "\n",
    "\n",
    "average_psi_e = average_arrays(*list(df['psi_e']))\n",
    "average_b_e = average_arrays(*list(df['b_e']))\n",
    "average_psi_plus = average_arrays(*list(df['psi_plus']))\n",
    "average_b_plus = average_arrays(*list(df['b_plus']))\n",
    "average_U = average_arrays(*list(df['u_list']))\n",
    "average_R = average_arrays(*list(df['r_list']))\n",
    "\n",
    "average_k_e_psi_e_list = average_arrays(*list(df['k_e_psi_e_list']))\n",
    "average_k_e_b_e_list = average_arrays(*list(df['k_e_b_e_list']))\n",
    "average_k_e_psi_plus_list = average_arrays(*list(df['k_e_psi_plus_list']))\n",
    "average_k_e_b_plus_list = average_arrays(*list(df['k_e_b_plus_list']))\n",
    "average_heat_flux_psi_e_b_e_list = average_arrays(*list(df['heat_flux_psi_e_b_e_list']))\n",
    "average_heat_flux_psi_e_b_plus_list = average_arrays(*list(df['heat_flux_psi_e_b_plus_list']))\n",
    "average_b_e_psi_plus_list = average_arrays(*list(df['b_e_psi_plus_list']))\n",
    "average_b_e_b_plus_list = average_arrays(*list(df['b_e_b_plus_list']))\n",
    "average_psi_plus_b_plus_list = average_arrays(*list(df['psi_plus_b_plus_list']))\n",
    "average_eta = average_arrays(*list(df['eta_list']))"
   ]
  },
  {
   "cell_type": "code",
   "execution_count": 59,
   "metadata": {},
   "outputs": [],
   "source": [
    "average_psi_e = average_psi_e[473:]\n",
    "average_b_e = average_b_e[473:]\n",
    "average_psi_plus = average_psi_plus[473:]\n",
    "average_b_plus = average_b_plus[473:]\n",
    "average_U = average_U[473:]\n",
    "average_R = average_R[473:]\n",
    "\n",
    "average_k_e_psi_e_list = average_k_e_psi_e_list[473:]\n",
    "average_k_e_b_e_list = average_k_e_b_e_list[473:]\n",
    "average_k_e_psi_plus_list = average_k_e_psi_plus_list[473:]\n",
    "average_k_e_b_plus_list = average_k_e_b_plus_list[473:]\n",
    "average_heat_flux_psi_e_b_e_list = average_heat_flux_psi_e_b_e_list[473:]\n",
    "average_heat_flux_psi_e_b_plus_list = average_heat_flux_psi_e_b_plus_list [473:]\n",
    "average_b_e_psi_plus_list = average_b_e_psi_plus_list[473:]\n",
    "average_b_e_b_plus_list = average_b_e_b_plus_list [473:]\n",
    "average_psi_plus_b_plus_list = average_psi_plus_b_plus_list[473:]"
   ]
  },
  {
   "cell_type": "code",
   "execution_count": 60,
   "metadata": {},
   "outputs": [],
   "source": [
    "U_CMat = sims[0].U_History[0:527]\n",
    "R_CMat= sims[0].R_History[0:527]\n",
    "U_tot_list = sims[0].U_tot[0:527]\n",
    "\n",
    "\n",
    "k_e_psi_e_list_CMat = [sims[0].C_History[i][0][0] for i in range(1000)]\n",
    "k_e_b_e_list_CMat = [sims[0].C_History[i][1][1] for i in range(1000)]\n",
    "k_e_psi_plus_list_CMat= [sims[0].C_History[i][2][2] for i in range(1000)]\n",
    "k_e_b_plus_list_CMat = [sims[0].C_History[i][3][3] for i in range(1000)]\n",
    "heat_flux_psi_e_b_e_list_CMat = [sims[0].C_History[i][0][1] for i in range(1000)]\n",
    "heat_flux_psi_e_b_plus_list_CMat = [sims[0].C_History[i][0][3] for i in range(1000)]\n",
    "b_e_psi_plus_list_CMat = [sims[0].C_History[i][2][1] for i in range(1000)]\n",
    "b_e_b_plus_list_CMat = [sims[0].C_History[i][1][3] for i in range(1000)]\n",
    "psi_plus_b_plus_list_CMat = [sims[0].C_History[i][3][2] for i in range(1000)]\n",
    "psi_e_psi_plus_list_CMat = [sims[0].C_History[i][2][0] for i in range(1000)]\n",
    "\n",
    "\n",
    "k_e_psi_e_list_CTot = [sims[0].C_tot[i][0][0] for i in range(1000)]\n",
    "k_e_b_e_list_CTot = [sims[0].C_tot[i][1][1] for i in range(1000)]\n",
    "k_e_psi_plus_list_CTot= [sims[0].C_tot[i][2][2] for i in range(1000)]\n",
    "k_e_b_plus_list_CTot = [sims[0].C_tot[i][3][3] for i in range(1000)]\n",
    "heat_flux_psi_e_b_e_list_CTot = [sims[0].C_tot[i][0][1] for i in range(1000)]\n",
    "heat_flux_psi_e_b_plus_list_CTot = [sims[0].C_tot[i][0][3] for i in range(1000)]\n",
    "b_e_psi_plus_list_CTot = [sims[0].C_tot[i][2][1] for i in range(1000)]\n",
    "b_e_b_plus_list_CTot = [sims[0].C_tot[i][1][3] for i in range(1000)]\n",
    "psi_plus_b_plus_list_CTot = [sims[0].C_tot[i][3][2] for i in range(1000)]\n",
    "psi_e_psi_plus_list_CTot = [sims[0].C_tot[i][2][0] for i in range(1000)]\n"
   ]
  },
  {
   "cell_type": "code",
   "execution_count": 61,
   "metadata": {},
   "outputs": [],
   "source": [
    "k_e_psi_e_list_CMat = k_e_psi_e_list_CMat[0:527]\n",
    "k_e_b_e_list_CMat = k_e_b_e_list_CMat[0:527]\n",
    "k_e_psi_plus_list_CMat= k_e_psi_plus_list_CMat[0:527]\n",
    "k_e_b_plus_list_CMat = k_e_b_plus_list_CMat[0:527]\n",
    "heat_flux_psi_e_b_e_list_CMat = heat_flux_psi_e_b_e_list_CMat[0:527]\n",
    "heat_flux_psi_e_b_plus_list_CMat = heat_flux_psi_e_b_plus_list_CMat[0:527]\n",
    "b_e_psi_plus_list_CMat = b_e_psi_plus_list_CMat[0:527]\n",
    "b_e_b_plus_list_CMat = b_e_b_plus_list_CMat[0:527]\n",
    "psi_plus_b_plus_list_CMat = psi_plus_b_plus_list_CMat[0:527]\n",
    "psi_e_psi_plus_list_CMat = psi_e_psi_plus_list_CMat[0:527]\n",
    "\n",
    "\n",
    "k_e_psi_e_list_CTot = k_e_psi_e_list_CTot[0:527]\n",
    "k_e_b_e_list_CTot = k_e_b_e_list_CTot[0:527]\n",
    "k_e_psi_plus_list_CTot= k_e_psi_plus_list_CTot[0:527]\n",
    "k_e_b_plus_list_CTot = k_e_b_plus_list_CTot[0:527]\n",
    "heat_flux_psi_e_b_e_list_CTot = heat_flux_psi_e_b_e_list_CTot[0:527]\n",
    "heat_flux_psi_e_b_plus_list_CTot = heat_flux_psi_e_b_plus_list_CTot[0:527]\n",
    "b_e_psi_plus_list_CTot = b_e_psi_plus_list_CTot[0:527]\n",
    "b_e_b_plus_list_CTot = b_e_b_plus_list_CTot[0:527]\n",
    "psi_plus_b_plus_list_CTot = psi_plus_b_plus_list_CTot[0:527]\n",
    "psi_e_psi_plus_list_CTot = psi_e_psi_plus_list_CTot[0:527]"
   ]
  },
  {
   "cell_type": "code",
   "execution_count": 62,
   "metadata": {},
   "outputs": [],
   "source": [
    "window_size = 5000\n",
    "dt = .001\n",
    "epsilon = 0.12394270273516043\n",
    "N_0_squared = 318.8640217310387\n",
    "k_plus_square = k**2 + (m + m_u)**2"
   ]
  },
  {
   "cell_type": "code",
   "execution_count": 63,
   "metadata": {},
   "outputs": [
    {
     "data": {
